Add 1 and 2
Decimal Degrees: 167.084861111112
Radians:  2.91618095662633
DMS:  167°05'05.5"
Surveyors:  N77°05'05.5"W
Degs:  167
Minutes:  5
Seconds:  5.5
Autocad DMS: 167d05'05.5"
Azimuth:  77.084861111112
RadAzimuth:  1.34538462983144
BaseAngle:  270
RadBase:  4.71238898038469


